99685600
1382680308
757991292
482933231
846509910
1035801292
747444407
210232911
1254232808
612147769
694326853
344602213
1396183618
68091125
240232771
433073534
336826787
118192462
643121250
445356503
420953620
432115245
1351595120
725570960
1242629860
120718037
311430685
398368530
671479782
658588334
643458043
725038687
482548514
400665179
494895643
655029810
1407121699
360862981
1085581621
1291533884
557905042
769055792
748085793
204484505
891465265
1018993090
495756367
493630150
911345391
775613580
1446207411
628248725
908681608
804246663
668058056
838163279
707906081
226434915
690395935
780131806
646705718
401389513
648458811
1125892161
234688115
1412391126
583614185
262103549
675776989
292482963
882085093
53027061
720215819
865445969
984624103
852092495
1284712804
703840367
712711361
60248549
192408091
908359816
642911754
624539213
965204131
873340423
1117052979
838697787
1076426890
705718842
1443421765
1006663026
613032791
713358174
966648085
1219389651
771815947
749782599
412246719
217441099
839634599
983188407
154019246
772608852
966885790
972105081
1011983542
1034288487
495769578
872429078
1078534332
1051708573
706252725
1037135043
131802143
1214416801
840512448
642983533
293821804
873393716
521725152
942225243
440929838
277839972
344642772
654303241
995499273
1405350874
1412584020
1097709775
137052426
126213427
19195285
851821048
300071964
881021780
991691100
881722059
220104355
1266676552
674978443
1188790642
1388565501
856828820
945556583
733060052
651792385
781368001
766643890
518040813
554501534
295783136
393179971
308381461
1264669154
705080136
939115357
1272074978
415035314
339299553
736300792
1048994189
1083804778
431541569
711589816
974549684
655741758
722685933
807862952
424750627
1051501509
1052650570
1216839185
355245125
311400867
1452155758
512946522
547726596
707696096
552416852
818766863
650720030
642384314
394817646
1008445484
938928420
311460310
1322342477
821086199
728728091
426852156
778515231
697313192
836592281
164263037
764432306
539769279
669144844
297927825
1324862254
1469493453
134309846
533413215
1204080699
978777546
1415506049
715628082
750897100
443506436
663681622
774721014
1006656987
697076638
34029963
695009155
650029903
54385923
944312126
367466976
25853722
275852403
30777543
629991300
699866910
614249150
917203631
971033610
647246121
935499912
25248646
1383974855
633900937
875392322
1359463436
601538553
604341850
191476686
679590082
548751688
764646692
718328111
110766843
713008130
597233730
225501995
674387597
631686195
1359367672
962866641
701407868
1084373219
751925763
412996660
522297818
239227795
866693974
795923149
277496640
245869845
122840098
631695736
633661693
924289965
430353766
761979488
941304289
421480777
238557971
600200702
429519603
652457798
1011842461
1065255803
1196114991
1139891529
812023521
809704937
612216499
688393767
1158951173
1054542632
1382647166
621741708
431555005
857550774
431022912
531218685
923510035
643000994
1022153861
641057857
1065061856
923961945
759518552
438628453
732571062
803596465
879776467
972005668
900524699
1262550180
922769777
781500613
936821046
1036737693
660844466
874058709
988592979
980268451
656966720
1088227562
1383977673
14170740
846455885
554594132
1005002825
806854471
51540433
1024742405
750864873
591515677
1338552078
476777364
919879429
592116691
949131135
1230678130
673950003
1051758349
788463679
530476067
320104897
1143289732
842435970
407736017
823169182
849287188
340625648
139326325
399640285
1057501267
965746785
1045805621
917359491
902624688
821636094
854818983
1065816968
880850097
539151882
1067258842
1025245182
991443568
749840961
1321552596
1153891177
1128459919
811474670
508581224
702841950
809979129
844552309
809932384
914319298
1149711468
553702269
846368623
1426135366
1076890121
506233776
1000955455
244061481
24170297
1062981929
1045986207
712194264
1344875801
883978369
834630932
940968690
230460104
891263268
964063924
945935822
943474068
642184594
1290132838
761804621
953823521
967371236
539317640
1051200317
1268673500
989095844
624059920
870682470
241459930
1149413185
590355716
994290596
194946642
882902662
694639884
913950445
245968463
1062332672
585573939
1400534152
847716532
284540935
1084742985
96345134
1012808220
615033946
1035520633
959092213
690788497
861815652
196559417
959365166
964817971
807470195
62039894
919856265
608328422
642633580
998223187
209792050
1045014361
955995664
152613845
269443252
634726201
1099400363
1413631899
547760317
1355897151
397540510
241700540
1014636864
778621628
1022343513
99589775
914330498
1453624032
1043742162
1097726189
1437087879
528265839
824772005
903647512
1258988393
645393940
920114630
965016236
400512367
963803791
158554135
1069446369
136229647
672070662
960456237
1060633956
271223720
712110510
345305723
620027709
1011025701
423159937
1001082702
921163540
1038616341
907426379
547407203
957328926
54995480
867283808
946391872
1262190879
1091234992
814278323
140406207
751729242
1006069108
521318435
1054268072
671083318
925760184
233956119
949810187
1483839629
1020321063
380869690
1409565006
946858593
1218386801
624936594
1022521764
1089199669
699337987
1212509642
972929738
603250056
1188459175
447951962
1054979898
702058941
454515715
631573358
128579423
1059961589
532520008
408100514
211703545
